GPU Performance Summary
========================

GPU: NVIDIA H100 80GB HBM3
Type: nvidia
Duration: 7048 seconds
Start: 2025-11-28T09:27:22.619647
End: 2025-11-28T11:27:41.620644

GPU Utilization:
  Average: 90.3%
  Max: 100.0%
  Min: 0.0%

Memory Usage:
  Average: 34.0%
  Max: 95.3%
  Min: 0.0%

Temperature Sensors:

Power Draw:
  Average: 332.4W
  Max: 371.1W
  Min: 75.0W
