GPU Performance Summary
========================

GPU: NVIDIA A100-SXM4-40GB
Type: nvidia
Duration: 11864 seconds
Start: 2025-11-28T12:59:32.089093
End: 2025-11-28T17:00:13.059117

GPU Utilization:
  Average: 98.7%
  Max: 100.0%
  Min: 0.0%

Memory Usage:
  Average: 44.9%
  Max: 86.4%
  Min: 0.0%

Temperature Sensors:

Power Draw:
  Average: 95.2W
  Max: 268.8W
  Min: 44.2W
